0.0,1.0,1.0,1.0,
0.01,0.9848910449162808,1.0125657329772002,1.2599200262547081,
0.02,0.9731143389932442,1.04882145582038,1.5240008488746937,
0.03,0.9651590915287481,1.1072062802850429,1.79831461185106,
0.04,0.9617373650302694,1.1868654634928826,2.088545572081246,
0.05,0.9638061868675782,1.2875547703614558,2.400160447161907,
0.060000000000000005,0.9726082635070195,1.4095688168157712,2.738552105501793,
0.07,0.9897311791452831,1.5536888013181196,3.1091610075071276,
0.08,1.0171865424301207,1.7211458086852378,3.517577147511362,
0.09,1.0575118411801279,1.9135964123436302,3.9696235166050795,
0.09999999999999999,1.1138988857782874,2.133107618644709,4.471420177185995,
0.10999999999999999,1.1903537013808057,2.3821482844850377,5.029425749892515,
0.11999999999999998,1.2918935226632573,2.663583975541922,5.650450265234207,
0.12999999999999998,1.4247870098060385,2.9806717765920143,6.341629688040192,
0.13999999999999999,1.596843661319064,3.3370507566147762,7.110347707495864,
0.15,1.8177571700823227,3.7367225470957837,7.964084304140342,
0.16,2.099504388153119,4.184014710225035,8.910162893051384,
0.17,2.4567954638565475,4.683517142629867,9.955358373024538,
0.18000000000000002,2.907559883332445,5.239978581178305,11.105317405508847,
0.19000000000000003,3.4734352265968043,5.858146312949302,12.363730644441869,
0.20000000000000004,4.180197411961851,6.54252755589325,13.731186714076646,
0.21000000000000005,5.05802965306397,7.297046090944983,15.203634033541778,
0.22000000000000006,6.141469431848944,8.124563564190414,16.770387203265525,
0.23000000000000007,7.468798278870506,9.026233318752984,18.41165263151134,
0.24000000000000007,9.080554463860217,10.000658879458493,20.095632194379853,
0.25000000000000006,11.016773388029296,11.042844240031188,21.775417183749642,
0.26000000000000006,13.312535867257353,12.142955545366132,23.386128540595337,
0.2700000000000001,15.991501320168275,13.28497091557805,24.84309582733008,
0.2800000000000001,19.057419128237065,14.445381824670891,26.042251071311973,
0.2900000000000001,22.48424457601878,15.592221736423676,26.864211801177554,
0.3000000000000001,26.206460202028644,16.684813966288747,27.183492350032672,
0.3100000000000001,30.112350596961765,17.67470311810349,26.88358287359514,
0.3200000000000001,34.04382155579671,18.508189880243073,25.877015422272983,
0.3300000000000001,37.80613173751926,19.13065243073508,24.127116509580002,
0.34000000000000014,41.18890738269074,19.492384142127598,21.665729326184284,
0.35000000000000014,43.99603664623414,19.55509438051412,18.60022393720508,
0.36000000000000015,46.07776658490115,19.297729099419893,15.10497609426275,
0.37000000000000016,47.35586564201006,18.720150232797877,11.397283091298569,
0.38000000000000017,47.83402833025955,17.843634096233647,7.703504645306598,
0.3900000000000002,47.590712260163954,16.708009421867118,4.224999917473338,
0.4000000000000002,46.75784331910361,15.366200073814225,1.1130374690333458,
0.4100000000000002,45.49306239485104,13.877558042990831,-1.5423129219085432,
0.4200000000000002,43.95366219714142,12.301453736488488,-3.7096921235151954,
0.4300000000000002,42.27770864814055,10.692206039317702,-5.404655425847674,
0.4400000000000002,40.57411106343483,9.095843973322891,-6.6740580162009655,
0.45000000000000023,38.92045805016364,7.548658591351724,-7.581102915572455,
0.46000000000000024,37.36603912666592,6.077173145684141,-8.193584184121047,
0.47000000000000025,35.93741146105908,4.699045033765524,-8.576058936635917,
0.48000000000000026,34.64452607297354,3.4244508148681656,-8.785532885685072,
0.49000000000000027,33.48624384673318,2.2576159006267895,-8.869757348019837,
0.5000000000000002,32.45474021150361,1.1982729680411799,-8.867197729745415,
0.5100000000000002,31.538726902096762,0.24293544486951663,-8.807912353680772,
0.5200000000000002,30.725638652155986,-0.6140556477753254,-8.71481448845441,
0.5300000000000002,30.003009932506462,-1.3797094523235485,-8.60499692591103,
0.5400000000000003,29.359265348391297,-2.061763053321995,-8.490949962372335,
0.5500000000000003,28.78411139468537,-2.668226064018972,-8.381601605174128,
0.5600000000000003,28.26867261657432,-3.2070582060717623,-8.283165458947945,
0.5700000000000003,27.80547419328347,-3.685949464535837,-8.19981048768619,
0.5800000000000003,27.38833999976351,-4.112177314163186,-8.134178600397771,
0.5900000000000003,27.012250738113476,-4.492520575929344,-8.087778383323586,
0.6000000000000003,26.67318953661321,-4.833214019837415,-8.061281107121474,
0.6100000000000003,26.367990826031296,-5.139931642477506,-8.054741160889897,
0.6200000000000003,26.094200772658933,-5.417789596348188,-8.067758784225651,
0.6300000000000003,25.849952829667078,-5.67136211443647,-8.099599076121324,
0.6400000000000003,25.63385913628489,-5.904705574643622,-8.149278010214335,
0.6500000000000004,25.44491689219598,-6.121387202019164,-8.215623610679362,
0.6600000000000004,25.2824280143347,-6.3245159162768045,-8.297318472208595,
0.6700000000000004,25.145930046943068,-6.5167735830240785,-8.392928337019125,
0.6800000000000004,25.035136249854457,-6.700445486590328,-8.500920366079015,
0.6900000000000004,24.949882911988038,-6.877449261444419,-8.619673967594665,
0.7000000000000004,24.890082151694475,-7.0493618361708,-8.747486496615275,
0.7100000000000004,24.85567872852667,-7.2174441868911,-8.882575754600557,
0.7200000000000004,24.846609677667892,-7.382663886154141,-9.023080949424289,
0.7300000000000004,24.86276587629495,-7.545715583013351,-9.167063587122954,
0.7400000000000004,24.903954955258428,-7.707039670047919,-9.312509626597064,
0.7500000000000004,24.969865277564796,-7.866839489704779,-9.457334112213402,
0.7600000000000005,25.060031015726945,-8.025097508958046,-9.599389384921208,
0.7700000000000005,25.17379867004508,-8.18159094902458,-9.73647784055873,
0.7800000000000005,25.31029567309104,-8.335907395003836,-9.866370037139236,
0.7900000000000005,25.468402011656384,-8.487460926632778,-9.98682873640524,
0.8000000000000005,25.646726050933985,-8.63550930265515,-10.095639187968992,
0.8100000000000005,25.843585946780898,-8.77917269391195,-10.190645621494049,
0.8200000000000005,26.056998156863674,-8.917454390654349,-10.269793505545433,
0.8300000000000005,26.284674584840104,-9.049263805200203,-10.33117667210365,
0.8400000000000005,26.524029789212616,-9.173441951151469,-10.373087915105367,
0.8500000000000005,26.77219944094863,-9.288789406897832,-10.394071182630714,
0.8600000000000005,27.026070811858414,-9.394096569433318,-10.392973038435535,
0.8700000000000006,27.28232552357035,-9.488175783938766,-10.368990719471363,
0.8800000000000006,27.537494106922978,-9.569894708489791,-10.32171391403556,
0.8900000000000006,27.788021155302033,-9.638210058524681,-10.25115737781534,
0.9000000000000006,28.030339062964515,-9.69220069161671,-10.157781727411757,
0.9100000000000006,28.260947595000047,-9.731098859489423,-10.042500217772634,
0.9200000000000006,28.476495920178646,-9.754318389222242,-9.906670009707042,
0.9300000000000006,28.673863328757577,-9.761478573098438,-9.752067325211343,
0.9400000000000006,28.850234716452285,-9.752422653809102,-9.580846902509956,
0.9500000000000006,29.003167079443156,-9.727229987603428,-9.395487208438704,
0.9600000000000006,29.130643736112802,-9.686221242127868,-9.198723840816776,
0.9700000000000006,29.231113735265637,-9.629956319039612,-8.993474357891607,
0.9800000000000006,29.303514860279243,-9.559225057932675,-8.782758322482893,
0.9900000000000007,29.347279701226668,-9.475031147456884,-8.569616590459761,
1.0000000000000007,29.36232533734787,-9.378570010917795,-8.357033788424067,
1.0100000000000007,29.349028147481253,-9.271201719355236,-8.147867533968274,
1.0200000000000007,29.308186059490406,-9.1544201935946,-7.944787307664929,
1.0300000000000007,29.240971101366902,-9.029820075007088,-7.750225067750357,
1.0400000000000007,29.14887539895364,-8.899062669092988,-7.566338797306708,
1.0500000000000007,29.03365378302868,-8.763842301975743,-7.394989279919961,
1.0600000000000007,28.897265954537996,-8.625854290492398,-7.23772959153332,
1.0700000000000007,28.741820763476767,-8.486765530099138,-7.095806131715305,
1.0800000000000007,28.569524646761842,-8.348188472242636,-6.9701695311065635,
1.0900000000000007,28.382635706619673,-8.211659015246456,-6.861493473937542,
1.1000000000000008,28.183424349892565,-8.078618589168459,-6.770199355360185,
1.1100000000000008,27.974140894689867,-7.950400491016788,-6.696484727990798,
1.1200000000000008,27.7569901141702,-7.828220333353754,-6.64035364661458,
1.1300000000000008,27.534112343909896,-7.713170313364575,-6.601647257310345,
1.1400000000000008,27.307570532848388,-7.606216893483564,-6.580073261617222,
1.1500000000000008,27.079342462174434,-7.508201407782928,-6.575233186804192,
1.1600000000000008,26.851317279293003,-7.41984306711065,-6.586646685390213,
1.1700000000000008,26.62529547935706,-7.341743825331846,-6.613772353500968,
1.1800000000000008,26.402991498031533,-7.274394583071584,-6.656024787916324,
1.1900000000000008,26.186038140394615,-7.218182238017201,-6.712787791061089,
1.2000000000000008,25.9759921485176,-7.1733971364174876,-6.783423781602899,
1.2100000000000009,25.774340293363245,-7.140240533915781,-6.8672795789222105,
1.2200000000000009,25.582505457151473,-7.118831731169117,-6.963688807794845,
1.2300000000000009,25.401852244909314,-7.109214607677173,-7.071971221605142,
1.2400000000000009,25.233691725610942,-7.111363333660256,-7.191429275077717,
1.2500000000000009,25.079284953163278,-7.125187093317226,-7.3213422975128974,
1.260000000000001,24.939844956144448,-7.1505337027344105,-7.460958630942624,
1.270000000000001,24.816536914555947,-7.187192052085592,-7.6094861098425035,
1.280000000000001,24.71047626477512,-7.234893345007254,-7.766081274508632,
1.290000000000001,24.62272449403528,-7.2933111489376055,-7.929837732405305,
1.300000000000001,24.55428240737192,-7.362060309757963,-8.099774113111065,
1.310000000000001,24.50608067780332,-7.440694823337495,-8.274822104131383,
1.320000000000001,24.478967529671436,-7.528704796570567,-8.453815106672877,
1.330000000000001,24.473693460862783,-7.625512672041609,-8.635478110804204,
1.340000000000001,24.490892987309216,-7.730468934067096,-8.81841945484025,
1.350000000000001,24.53106349756515,-7.8428475595870255,-9.001125198859066,
1.360000000000001,24.594541440256364,-7.961841524630209,-9.181956899430034,
1.370000000000001,24.681476235038787,-8.086558724501426,-9.359153612080423,
1.380000000000001,24.791802498149597,-8.216018711173806,-9.530838957857176,
1.390000000000001,24.925211402936338,-8.349150691347367,-9.695034056966373,
1.400000000000001,25.081122245694335,-8.484793258961641,-9.849677041502801,
1.410000000000001,25.258655544081517,-8.621696351378965,-9.99264969683551,
1.420000000000001,25.456609239723235,-8.758525913020833,-10.121811535822017,
1.430000000000001,25.6734397827966,-8.893871717661979,-10.235041275016632,
1.440000000000001,25.90725001381563,-9.026258734890177,-10.330285258249189,
1.450000000000001,26.155785792949366,-9.154162322578172,-10.405611871519785,
1.460000000000001,26.41644322682724,-9.276027382834751,-10.459270437656043,
1.470000000000001,26.686288078779782,-9.390291434259272,-10.48975250710804,
1.480000000000001,26.962088503280565,-9.495411332988812,-10.495852922997914,
1.490000000000001,27.240361617843046,-9.589893128512148,-10.476727594944718,
1.500000000000001,27.517433636075335,-9.672324282179419,-10.431944632607635,
1.5100000000000011,27.78951237872182,-9.741407226138268,-10.361525428218219,
1.5200000000000011,28.05277002421542,-9.79599302095158,-10.265972486173569,
1.5300000000000011,28.303433045134277,-9.835113705643925,-10.14628130204619,
1.5400000000000011,28.537875501397185,-9.858011847210102,-10.003934386047154,
1.5500000000000012,28.752711322572083,-9.864165805910536,-9.840876563001574,
1.5600000000000012,28.944880991264604,-9.85330934847091,-9.659471881873834,
1.5700000000000012,29.111728187422546,-9.825444463947333,-9.462443723111484,
1.5800000000000012,29.251062478308828,-9.780846555476412,-9.252800875532223,
1.5900000000000012,29.361205003491975,-9.720061573317636,-9.033753340970023,
1.6000000000000012,29.441015227812834,-9.643895089403184,-8.808622308412819,
1.6100000000000012,29.489898104302057,-9.553393754393552,-8.58074904907684,
1.6200000000000012,29.50779227302621,-9.449819987251416,-8.353407394571596,
1.6300000000000012,29.49514109246691,-9.334621090395176,-8.129723995300346,
1.6400000000000012,29.452849248968704,-9.20939423401675,-7.9126097820803905,
1.6500000000000012,29.382228342494134,-9.075848895080515,-7.704705068604769,
1.6600000000000013,29.28493516992783,-8.93576836552603,-7.508339649148469,
1.6700000000000013,29.162906428133102,-8.790971867200787,-7.325508176835297,
1.6800000000000013,29.01829328040953,-8.643278644307038,-7.157860148956951,
1.6900000000000013,28.85339873865791,-8.49447517032148,-7.006703047520125,
1.7000000000000013,28.670620187890663,-8.34628633117031,-6.873016625177251,
1.7100000000000013,28.47239869801488,-8.200351155518234,-6.75747599893046,
1.7200000000000013,28.261176098692324,-8.058203379207537,-6.660481101307521,
1.7300000000000013,28.03936018942913,-7.921256872458476,-6.582190107870833,
1.7400000000000013,27.8092979534572,-7.790795738254471,-6.522554667536821,
1.7500000000000013,27.573256257223797,-7.66796871567799,-6.481355061910087,
1.7600000000000013,27.333409249028854,-7.553787395120767,-6.458233768123035,
1.7700000000000014,27.09183151082275,-7.4491276714878305,-6.452726259593033,
1.7800000000000014,26.850495949450277,-7.3547338220318785,-6.464288222342514,
1.7900000000000014,26.611275417288695,-7.271224590769098,-6.492318671762819,
1.8000000000000014,26.375947106431195,-7.199100684208916,-6.536178714934804,
1.8100000000000014,26.146198846170396,-7.13875312604595,-6.595205912774447,
1.8200000000000014,25.923636534387995,-7.090471974759298,-6.668724355554589,
1.8300000000000014,25.70979203695687,-7.054454971934098,-6.756050679614022,
1.8400000000000014,25.506130986404763,-7.030815755888098,-6.856496329354751,
1.8500000000000014,25.314059996130304,-7.019591341346888,-6.969366415041411,
1.8600000000000014,25.134932876469207,-7.020748629086259,-7.093955541747807,
1.8700000000000014,24.970055493176496,-7.034189768262361,-7.229540995946721,
1.8800000000000014,24.82068894848166,-7.059756248051121,-7.375373680875094,
1.8900000000000015,24.688050792164013,-7.097231644370416,-7.530667196154411,
1.9000000000000015,24.573313988481697,-7.146342992547682,-7.69458546639552,
1.9100000000000015,24.47760337845439,-7.206760798881682,-7.866229341760402,
1.9200000000000015,24.401989390778578,-7.278097744422578,-8.044622623643434,
1.9300000000000015,24.34747877394809,-7.359906174352564,-8.228698012455947,
1.9400000000000015,24.315002152827212,-7.451674507443764,-8.417283532254347,
1.9500000000000015,24.305398261204825,-7.552822743376461,-8.609090057312915,
1.9600000000000015,24.319394774112272,-7.662697292069626,-8.802700645471756,
1.9700000000000015,24.357585766075992,-7.780565398961594,-8.996562466744496,
1.9800000000000015,24.420405959425715,-7.905609493066924,-9.1889821952783,
1.9900000000000015,24.508102104213847,-8.036921839445327,-9.378125797605678,
2.0000000000000013,24.62070204968439,-8.173499932241043,-9.562023686792942,
2.010000000000001,24.757982324335067,-8.31424311527326,-9.738582204665319,
2.020000000000001,24.919435330240905,-8.457950959598161,-9.905602325220787,
2.0300000000000007,25.10423756398603,-8.603323955586369,-10.060806323786082,
2.0400000000000005,25.311220580525266,-8.748967083858078,-10.201872912333071,
2.0500000000000003,25.538846689182403,-8.893396807221103,-10.326480990129822,
2.06,25.785191577239175,-9.03505196688086,-10.432361696932306,
2.07,26.047936155573186,-9.172308963860264,-10.517357891087032,
2.0799999999999996,26.324369870336202,-9.303501456100758,-10.579489529909095,
2.0899999999999994,26.61140748635822,-9.426944601845845,-10.617022744217488,
2.099999999999999,26.905620893981343,-9.540963634104669,-10.628539729970248,
2.109999999999999,27.203286811728997,-9.643926268591912,-10.61300599935773,
2.1199999999999988,27.50045036796957,-9.734278144260953,-10.569831122012435,
2.1299999999999986,27.793003491354806,-9.810580193419371,-10.498918924200922,
2.1399999999999983,28.076775899022795,-9.871546564339505,-10.400703266949414,
2.149999999999998,28.347635348036818,-9.916081502981493,-10.276166034148861,
2.159999999999998,28.601592830660017,-9.943313470778376,-10.126834831448821,
2.1699999999999977,28.83490767215798,-9.952624756763484,-9.954759083206751,
2.1799999999999975,29.044187138143464,-9.943674950155257,-9.76246462757454,
2.1899999999999973,29.22647524933794,-9.916416877355369,-9.552888418806745,
2.199999999999997,29.37932605674898,-9.871103964550246,-9.329296396096902,
2.209999999999997,29.500857613134038,-9.808288439069981,-9.095188811566375,
2.2199999999999966,29.58978419434331,-9.72881029277695,-8.854198188791107,
2.2299999999999964,29.645425839372425,-9.633777454727406,-8.609985511918435,
2.239999999999996,29.667695829049705,-9.524538111668804,-8.366140185275583,
2.249999999999996,29.657068148445294,-9.402646530821226,-8.12608877747747,
2.259999999999996,29.61452813914408,-9.2698240461372,-7.893016651582842,
2.2699999999999956,29.541510348273054,-9.127917046014835,-7.669805404287575,
2.2799999999999954,29.43982797747215,-8.978853841056234,-7.458987733742093,
2.289999999999995,29.3115983352692,-8.824602202869235,-7.262720067607917,
2.299999999999995,29.159168353623684,-8.667129168817722,-7.0827721307861475,
2.3099999999999947,28.985043627641794,-8.508364430801617,-6.920531703227251,
2.3199999999999945,28.79182367517786,-8.350168300174834,-6.7770221608978565,
2.3299999999999943,28.582145287980417,-8.194304897112861,-6.652930018000916,
2.339999999999994,28.358635043086224,-8.042420878897042,-6.548639575021695,
2.349999999999994,28.12387132663967,-7.896029719667462,-6.464271881988307,
2.3599999999999937,27.880355633114032,-7.756501299344156,-6.399725494342859,
2.3699999999999934,27.63049245942698,-7.62505635986245,-6.3547168720900755,
2.3799999999999932,27.376576815288153,-7.502765244719772,-6.328818697861553,
2.389999999999993,27.120788204211593,-7.390550250307419,-6.3214948216173665,
2.399999999999993,26.86518987150256,-7.289190878370293,-6.33213094550638,
2.4099999999999926,26.61173214011833,-7.199331279943648,-6.360060519910507,
2.4199999999999924,26.36225873663083,-7.121489213198675,-6.404585619157123,
2.429999999999992,26.118515124256177,-7.0560658918954156,-6.46499279937741,
2.439999999999992,25.882157988790343,-7.003356169533202,-6.540564114271151,
2.4499999999999917,25.65476515162101,-6.963558579990773,-6.630583583947295,
2.4599999999999915,25.437845301560976,-6.936784833067588,-6.734339486698043,
2.4699999999999913,25.23284703782736,-6.9230684389231865,-6.8511228836233595,
2.479999999999991,25.04116679709333,-6.922372206347671,-6.980222801507387,
2.489999999999991,24.864155297762203,-6.934594424652787,-7.120918499655615,
2.4999999999999907,24.703122175947048,-6.959573597294758,-7.2724692399224,
2.5099999999999905,24.559338512988216,-6.997091647464879,-7.434101973122491,
2.5199999999999902,24.43403696762833,-7.046875562743866,-7.604997355453216,
2.52999999999999,24.328409231906186,-7.108597488870178,-7.784274520283236,
2.53999999999999,24.243600533816338,-7.181873323353882,-7.970975057297999,
2.5499999999999896,24.180700917805982,-7.266259899831973,-8.164046694886103,
2.5599999999999894,24.14073305284562,-7.361250895460331,-8.3623272437204,
2.569999999999989,24.12463635424042,-7.466271637860842,-8.564529439025954,
2.579999999999989,24.133247267081874,-7.5806730364691735,-8.769227413302596,
2.5899999999999888,24.167275653913194,-7.703724916347739,-8.974845635187226,
2.5999999999999885,24.227277364047563,-7.834609090724757,-9.179651255716808,
2.6099999999999883,24.313623243117817,-7.972412570871566,-9.381750899318288,
2.619999999999988,24.4264650726775,-8.116121376444985,-9.579093008711958,
2.629999999999988,24.56569921122177,-8.264615472752192,-9.76947688255118,
2.6399999999999877,24.730929034762152,-8.416665418638416,-9.950569511160856,
2.6499999999999875,24.921427634995343,-8.570931353354379,-10.119931196819387,
2.6599999999999873,25.136102605511894,-8.725964974830257,-10.275050718879076,
2.669999999999987,25.37346510105674,-8.880215156091344,-10.413390452563082,
2.679999999999987,25.631605651738678,-9.032037801439696,-10.53244136312264,
2.6899999999999866,25.908179405138625,-9.179710450292978,-10.62978717604072,
2.6999999999999864,26.200403501888097,-9.32145198687163,-10.703176287847969,
2.709999999999986,26.50506911301338,-9.455447604351079,-10.75059917021602,
2.719999999999986,26.818570237988286,-9.579878903945657,-10.770368193993654,
2.7299999999999858,27.136950657584013,-9.692958690738063,-10.761196042299511,
2.7399999999999856,27.455969460286507,-9.792969674872706,-10.722268290360018,
2.7499999999999853,27.771184356709583,-9.87830592305876,-10.653305406848098,
2.759999999999985,28.078050644699218,-9.947515562339884,-10.55460946945789,
2.769999999999985,28.372032308131914,-9.999342951608316,-10.427091351736491,
2.7799999999999847,28.648720471885795,-10.032768343016036,-10.272275050466252,
2.7899999999999845,28.903953451284757,-10.047042987837276,-10.092277148575718,
2.7999999999999843,29.133932070448143,-10.041717722699756,-9.889761052192531,
2.809999999999984,29.335323886175036,-10.016663311608976,-9.667867451481895,
2.819999999999984,29.505350488121564,-9.972081208811742,-9.430124244746862,
2.8299999999999836,29.641853124778656,-9.908503921246423,-9.180340733416257,
2.8399999999999834,29.74333342686842,-9.826784745152978,-8.92249206052934,
2.849999999999983,29.80896780266703,-9.728077276267179,-8.66060049389906,
2.859999999999983,29.838595963686835,-9.613805689397235,-8.3986201839369,
2.869999999999983,29.832685798505207,-9.485627296854645,-8.140331470776879,
2.8799999999999826,29.79227826717561,-9.3453892822614,-7.889249765494316,
2.8899999999999824,29.71891700954935,-9.195081738388966,-7.648552631675625,
2.899999999999982,29.614567884597754,-9.036789204837417,-7.42102712246084,
2.909999999999982,29.481533689160866,-8.872642811516288,-7.209037862072187,
2.9199999999999817,29.32236890656329,-8.704774910170041,-7.014514953795406,
2.9299999999999815,29.13979861238895,-8.535277752309335,-6.838959660957435,
2.9399999999999813,28.936644740281462,-8.366167386679027,-6.683465006534309,
2.949999999999981,28.71576190842302,-8.19935354154142,-6.548747984830531,
2.959999999999981,28.479984034349442,-8.036615860915456,-6.435189948781346,
2.9699999999999807,28.232082102544148,-7.879586506564063,-6.342881874067259,
2.9799999999999804,27.974732746205497,-7.72973883742417,-6.271671536568272,
2.9899999999999802,27.71049678331364,-7.5883816451480355,-6.221210099853674,
2.99999999999998,27.44180650548921,-7.456658260662717,-6.190996127655107,
3.00999999999998,27.170960336951506,-7.335549748329675,-6.180415557757558,
3.0199999999999796,26.900123430894926,-7.225881363411456,-6.188776658118636,
3.0299999999999794,26.631332818564974,-7.12833145476392,-6.215339407423377,
3.039999999999979,26.366505839705685,-7.043442036777797,-6.259339087686384,
3.049999999999979,26.10745073311172,-6.971630321737184,-6.320004143096027,
3.0599999999999787,25.855878429426117,-6.913200586233829,-6.396568551597449,
3.0699999999999785,25.613414747660507,-6.868355834966894,-6.488279082962576,
3.0799999999999783,25.381612340380602,-6.8372088158438205,-6.594397891007257,
3.089999999999978,25.16196185313841,-6.81979202722445,-6.714200920708972,
3.099999999999978,24.955901858484935,-6.816066438475263,-6.846972615451283,
3.1099999999999777,24.7648271936508,-6.82592871718091,-6.991997396664058,
3.1199999999999775,24.59009537573128,-6.849216819998716,-7.148548367588269,
3.1299999999999772,24.43303079242627,-6.885713859749479,-7.315873673168651,
3.139999999999977,24.29492637454233,-6.935150210102657,-7.4931809361601305,
3.149999999999977,24.177042453806553,-6.99720385281656,-7.679620191080199,
3.1599999999999766,24.080602501948917,-7.0714990129296345,-7.874265757051326,
3.1699999999999764,24.006785441000545,-7.157603166728218,-8.076097530998977,
3.179999999999976,23.95671421753995,-7.255022547935527,-8.283982245867648,
3.189999999999976,23.93144035313441,-7.363196321449624,-8.496655324667023,
3.1999999999999758,23.93192422810801,-7.481489642909451,-8.71270406844935,
3.2099999999999755,23.959010935172724,-7.609185877732305,-8.930553040469077,
3.2199999999999753,24.0134016626432,-7.745478315706972,-9.14845264242403,
3.229999999999975,24.095620742551795,-7.889461786474658,-9.364472010800242,
3.239999999999975,24.205978733890806,-8.04012465578723,-9.576497476702627,
3.2499999999999747,24.344532209080487,-8.196341759286573,-9.78223791150941,
3.2599999999999745,24.511041271042156,-8.356868904889037,-9.979238299371037,
3.2699999999999743,24.704926240008458,-8.520339639905359,-10.164902808946392,
3.279999999999974,24.92522539478815,-8.68526502597775,-10.336528452531992,
3.289999999999974,25.170556102439974,-8.850037183196335,-10.491350094616031,
3.2999999999999736,25.439082080446884,-9.012937342555569,-10.62659708399085,
3.3099999999999734,25.728489851729428,-9.172149071186935,-10.739561126115206,
3.319999999999973,26.035977611557108,-9.325777196757098,-10.827674195713424,
3.329999999999973,26.358259659608446,-9.471872748364719,-10.888594347934358,
3.3399999999999728,26.691589198943554,-9.608463948851872,-10.920296281952725,
3.3499999999999726,27.031801622624457,-9.733592942842966,-10.921162534373671,
3.3599999999999723,27.374379384458525,-9.845357540578783,-10.89007034604173,
3.369999999999972,27.714538211352025,-9.941956824578703,-10.826468683284842,
3.379999999999972,28.047332839792954,-10.021739039055497,-10.730439728632996,
3.3899999999999717,28.367778778103027,-10.083249803173622,-10.602739487673713,
3.3999999999999715,28.670984982140805,-10.125278404511675,-10.444813041907041,
3.4099999999999713,28.95229098172734,-10.146899781977144,-10.258781399658252,
3.419999999999971,29.20740110063551,-10.147509832390403,-10.047398768158734,
3.429999999999971,29.43250813009716,-10.126851890879815,-9.813981224021752,
3.4399999999999706,29.624399232089356,-10.08503264036975,-9.562309971968986,
3.4499999999999704,29.78053796191444,-10.022526275224969,-9.296514400151127,
3.45999999999997,29.899118010392275,-9.940166432437232,-9.020941723218636,
3.46999999999997,29.979086389129723,-9.839126148133664,-8.740020961235098,
3.47999999999997,30.020136074296317,-9.720886826816747,-8.458129226825765,
3.4899999999999696,30.022670322796497,-9.58719785618961,-8.179467778436647,
3.4999999999999694,29.98774274054822,-9.440029003128007,-7.907954136801954,
3.509999999999969,29.916978536023112,-9.281518046207227,-7.6471349262940835,
3.519999999999969,29.812483135847742,-9.113916219742858,-7.400122210936887,
3.5299999999999687,29.676744464194204,-8.939533969279488,-7.1695541736722745,
3.5399999999999685,29.512534763599785,-8.760689274661077,-6.95757923857817,
3.5499999999999683,29.322816988265988,-8.579660424464146,-6.7658613098995835,
3.559999999999968,29.1106596875422,-8.3986446723877,-6.595602786229813,
3.569999999999968,28.879163075040367,-8.219723720532798,-6.447581426638016,
3.5799999999999677,28.63139778575786,-8.044836499675098,-6.322196967968929,
3.5899999999999674,28.37035676421759,-7.875759286994719,-6.219523551071955,
3.5999999999999672,28.098919866432173,-7.714092840792766,-6.139364420211553,
3.609999999999967,27.819830125530554,-7.561255952057127,-6.0813059218998164,
3.619999999999967,27.53568022233545,-7.418484617213876,-6.044768462250099,
3.6299999999999666,27.248907493225857,-7.286835920263319,-6.02905271651968,
3.6399999999999664,26.961795760634143,-7.1671956657703895,-6.033379970409319,
3.649999999999966,26.676482344076906,-7.060288813946677,-6.056925978222299,
3.659999999999966,26.394968760517127,-6.966691821442038,-6.098848132795418,
3.6699999999999657,26.119133816090162,-6.886846073083763,-6.1583060536697625,
3.6799999999999655,25.850747997951707,-6.8210716887871286,-6.234475919796343,
3.6899999999999653,25.591488274023952,-6.7695810963838206,-6.32655901327849,
3.699999999999965,25.342952585675132,-6.732491867588619,-6.433785016126869,
3.709999999999965,25.106673465846004,-6.709838415347782,-6.555410628305779,
3.7199999999999647,24.884130329558083,-6.701582242953427,-6.690714067369046,
3.7299999999999645,24.676760065293305,-6.707620516812854,-6.838985981145975,
3.7399999999999642,24.485965606994927,-6.727792805234837,-6.999517266872848,
3.749999999999964,24.313122191523078,-6.761885885696303,-7.171584252676426,
3.759999999999964,24.159581010408928,-6.8096365742290965,-7.354431668509018,
3.7699999999999636,24.026669953455695,-6.8707325748242125,-7.54725382011278,
3.7799999999999634,23.91569112145226,-6.944811386467876,-7.749174386636845,
3.789999999999963,23.827914762907398,-7.031457343195586,-7.959225294196893,
3.799999999999963,23.764569272918077,-7.130196901050302,-8.176325176746277,
3.8099999999999627,23.72682688957575,-7.2404923276762085,-8.3992580234621,
3.8199999999999625,23.715784744209966,-7.361733997881217,-8.626652727952992,
3.8299999999999623,23.732440976768174,-7.493231553884428,-8.856964396096282,
3.839999999999962,23.77766572796455,-7.634204253543974,-9.08845843022753,
3.849999999999962,23.852166976879627,-7.783770904163092,-9.319198577811473,
3.8599999999999617,23.956451416971582,-7.940939862805848,-9.547040297916332,
3.8699999999999615,24.09078086306256,-8.104599674132059,-9.769630938634222,
3.8799999999999613,24.25512506034828,-8.273511009321782,-9.984418307168685,
3.889999999999961,24.44911222022161,-8.446300658121272,-10.188669220496639,
3.899999999999961,24.67197912289421,-8.621458401284794,-10.37949951340522,
3.9099999999999606,24.922523176513167,-8.797337641071413,-10.55391671660381,
3.9199999999999604,25.199059364305793,-8.972160679192617,-10.708876168620955,
3.92999999999996,25.499385486498387,-9.144029489616,-10.841350669575636,
3.93999999999996,25.820759438840216,-9.310942723000863,-10.948412918747312,
3.9499999999999598,26.159892381171577,-9.470819487596103,-11.027328923198338,
3.9599999999999596,26.512961453438432,-9.621530170353113,-11.075659376679774,
3.9699999999999593,26.875645121033315,-9.760934191753751,-11.091364778929657,
3.979999999999959,27.243183232971028,-9.88692413893333,-11.07290892330918,
3.989999999999959,27.610462457342216,-9.99747521719033,-11.01935448062014,
3.9999999999999587,27.972125980905734,-10.090698436258563,-10.930443913838133,
4.009999999999959,28.322704352630726,-10.164895452748809,-10.806659021960817,
4.019999999999959,28.65676230747076,-10.218612579815815,-10.649253136175387,
4.0299999999999585,28.969054564605813,-10.250691206343863,-10.460251408742769,
4.039999999999958,29.254682206936774,-10.260311790957147,-10.242416680207288,
4.049999999999958,29.509240541545108,-10.24702874514914,-9.999180917438737,
4.059999999999958,29.72894947020118,-10.210793905496587,-9.734544928202766,
4.069999999999958,29.91075841465954,-10.151966899558941,-9.452951665607706,
4.079999999999957,30.052419668427767,-10.071311487160589,-9.159140617724194,
4.089999999999957,30.152526489216214,-9.96997783753026,-8.857992259616815,
4.099999999999957,30.21051501673822,-9.849471597334217,-8.55437214678352,
4.109999999999957,30.226631866654557,-9.711611426001982,-8.25298389566028,
4.119999999999957,30.20187169240254,-9.558477343613921,-7.958239105627053,
4.129999999999956,30.13789086492898,-9.392352694330393,-7.674150418592204,
4.139999999999956,30.036904538669503,-9.215662743942076,-7.404251652324052,
4.149999999999956,29.90157470845473,-9.030912902530156,-7.151546573634016,
4.159999999999956,29.734896482036405,-8.840629318471901,-6.918485666524195,
4.1699999999999555,29.540088844378907,-8.647304174640405,-6.7069684081776195,
4.179999999999955,29.32049486698263,-8.453347489882747,-6.518367221405496,
4.189999999999955,29.07949482215233,-8.261046649628932,-6.353568471067345,
4.199999999999955,28.82043418093318,-8.072534314529191,-6.213025586167834,
4.209999999999955,28.5465671454195,-7.889764830387116,-6.096819537941859,
4.2199999999999545,28.261015281696835,-7.714498817792675,-6.0047223767754465,
4.229999999999954,27.966740019708386,-7.548295273163733,-5.936260208847017,
4.239999999999954,27.666527270300225,-7.3925102691699065,-5.89077276740462,
4.249999999999954,27.362982147310284,-7.248301196544119,-5.867467513715074,
4.259999999999954,27.058531726086528,-7.116635428993338,-5.8654669234136385,
4.269999999999953,26.755433864843976,-6.998302302317983,-5.883848234145571,
4.279999999999953,26.45579030891008,-6.893927360634719,-5.921675430279564,
4.289999999999953,26.16156254404146,-6.803987920076406,-5.978023617008038,
4.299999999999953,25.874589126919094,-6.728829118724383,-6.051996197873276,
4.3099999999999525,25.59660347192653,-6.668679748605749,-6.14273543224732,
4.319999999999952,25.32925129593801,-6.6236672919949715,-6.249427031428878,
4.329999999999952,25.074107107358508,-6.593831703357751,-6.371299473308477,
4.339999999999952,24.832689268285836,-6.57913758587195,-6.507618694388034,
4.349999999999952,24.606473259881678,-6.579484505422181,-6.6576787706580625,
4.3599999999999515,24.396902844088565,-6.594715264793222,-6.820789139369878,
4.369999999999951,24.205398844655285,-6.624622027248879,-6.996258853643902,
4.379999999999951,24.03336527288824,-6.668950233458989,-7.183378310574323,
4.389999999999951,23.882192505007875,-6.7274003011636,-7.381398858693368,
4.399999999999951,23.753257185196787,-6.799627135809598,-7.589510678568993,
4.40999999999995,23.647918488554613,-6.885237515700457,-7.806819345945972,
4.41999999999995,23.567510339047082,-6.983785450136292,-8.032321534116708,
4.42999999999995,23.513329147918178,-7.094765646778438,-8.264880393817226,
4.43999999999995,23.486616627899497,-7.217605268118858,-8.503201266088931,
4.4499999999999496,23.488537259311595,-7.351654209267343,-8.745808535323624,
4.459999999999949,23.52015004861665,-7.496174192604878,-8.991024612381038,
4.469999999999949,23.58237434208317,-7.650327050744261,-9.236952243573672,
4.479999999999949,23.675949651203798,-7.813162658140621,-9.481461557783033,
4.489999999999949,23.80138972557292,-7.983607072509329,-9.722183472117997,
4.4999999999999485,23.958931483129543,-8.160451556811744,-9.95651125034525,
4.509999999999948,24.148479881024887,-8.342343265300917,-10.181612114370893,
4.519999999999948,24.369550377309302,-8.52777848433166,-10.394450807043583,
4.529999999999948,24.621211274861533,-8.715099408417373,-10.591826849539142,
4.539999999999948,24.90202891773738,-8.90249548925251,-10.77042688316921,
4.549999999999947,25.210019369029943,-9.088010402339794,-10.926892894119307,
4.559999999999947,25.54261075974712,-9.269555613249024,-11.057906265602119,
4.569999999999947,25.896620862879416,-9.444931374794477,-11.160286485640365,
4.579999999999947,26.268254507499396,-9.61185573241861,-11.231101996622145,
4.589999999999947,26.653125098362832,-9.76800174969294,-11.26778918621251,
4.599999999999946,27.04630366187359,-9.911042691871039,-11.268274018553997,
4.609999999999946,27.44239745746787,-10.0387043400099,-11.23108946518544,
4.619999999999946,27.83565829793129,-10.148822985133775,-11.155480922299647,
4.629999999999946,28.220118419065976,-10.23940702187323,-11.041491404287314,
4.6399999999999455,28.58974922284638,-10.30869948845009,-10.89001866036035,
4.649999999999945,28.938635760436764,-10.355238456841606,-10.702837576317222,
4.659999999999945,29.261157740769548,-10.377911933604938,-10.482583293395871,
4.669999999999945,29.552166464532032,-10.376003945052773,-10.232693265901045,
4.679999999999945,29.807146651630926,-10.349228782479326,-9.957309724055833,
4.689999999999944,30.02235279768724,-10.297750972659038,-9.661147341865636,
4.699999999999944,30.194911453411756,-10.222189377026774,-9.349333917629945,
4.709999999999944,30.32288349602301,-10.12360483574703,-9.027234165443257,
4.719999999999944,30.405283736768776,-10.003471859992889,-8.700267991086637,
4.729999999999944,30.442058674440155,-9.863635924862951,-8.373734734657832,
4.739999999999943,30.43402643311303,-9.706258818828038,-8.052653828093755,
4.749999999999943,30.3827855393433,-9.533755176363174,-7.741630325155922,
4.759999999999943,30.290600939998797,-9.348723703817472,-7.444751123558013,
4.769999999999943,30.16027642438745,-9.15387668802704,-7.165514783320802,
4.7799999999999425,29.995022429495126,-8.95197117305889,-6.906795015654301,
4.789999999999942,29.798327233411797,-8.745744753166768,-6.6708354734507695,
4.799999999999942,29.57383801562613,-8.537858329144155,-6.459271619539323,
4.809999999999942,29.325256447680953,-8.33084748757581,-6.27317427262392,
4.819999999999942,29.056251620454134,-8.127083461028906,-6.113108921780323,
4.8299999999999415,28.770391412896043,-7.928743972977209,-5.979204969328322,
4.839999999999941,28.471091994198616,-7.737793708389961,-5.8712295728857455,
4.849999999999941,28.161584093321487,-7.555973705462649,-5.788661557942673,
4.859999999999941,27.844893975338945,-7.384798645156639,-5.730761817634775,
4.869999999999941,27.5238366996613,-7.225560818699595,-5.696637585610009,
4.87999999999994,27.201019141588233,-7.079339465024775,-5.6852988715891675,
4.88999999999994,26.878850365941148,-6.947014170749239,-5.695706130481573,
4.89999999999994,26.559557180625717,-6.829281093038255,-5.726808866538199,
4.90999999999994,26.245203008211348,-6.7266708794260035,-5.777575348356924,
4.9199999999999395,25.937708546561915,-6.6395672995060675,-5.847013938721391,
4.929999999999939,25.6388730100273,-6.5682257557714845,-5.934186744849976,
4.939999999999939,25.35039502779553,-6.512790992777366,-6.0382163936671205,
4.949999999999939,25.073892513031435,-6.473313466705603,-6.158286757942469,
4.959999999999939,24.810921000526818,-6.449763965922476,-6.293638425749494,
4.9699999999999385,24.562990082362067,-6.442046184418262,-6.443559638013131,
4.979999999999938,24.331577654597677,-6.450007043326682,-6.607373334027624,
4.989999999999938,24.1181417292952,-6.473444631817613,-6.784420856634066,
4.999999999999938,23.924129572114943,-6.512113699417172,-6.974042788405149,
5.009999999999938,23.75098390356137,-6.565728679890246,-7.1755573266027985,
5.019999999999937,23.600145858913145,-6.633964265384063,-7.388236565066324,
5.029999999999937,23.473054345375136,-6.716453582059808,-7.611281041508507,
5.039999999999937,23.371141372807564,-6.812784048604047,-7.843792933916047,
5.049999999999937,23.295822875104164,-6.922491030562193,-8.084748353951829,
5.0599999999999365,23.248484492751196,-7.045049440107259,-8.332969291448471,
5.069999999999936,23.230461764857054,-7.179863476242844,-8.587095913759823,
5.079999999999936,23.2430141945671,-7.326254757832589,-8.845560116105458,
5.089999999999936,23.28729272091869,-7.483449174001061,-9.106561449942712,
5.099999999999936,23.364300270235113,-7.650562865232901,-9.368046816888382,
5.1099999999999355,23.474845289230547,-7.826587854466096,-9.627695590545876,
5.119999999999935,23.61948849728078,-8.010377969303406,-9.88291209453966,
5.129999999999935,23.798483550217664,-8.200635830295997,-10.130827589571505,
5.139999999999935,24.011712888446045,-8.39590181904794,-10.368314063101277,
5.149999999999935,24.258620741706558,-8.594546072755616,-10.59201212070635,
5.159999999999934,24.538146057209776,-8.794764663674231,-10.798375090487298,
5.169999999999934,24.848658959805405,-8.994581193637625,-10.983731012328644,
5.179999999999934,25.187905167831666,-9.191855042441057,-11.144363441515791,
5.189999999999934,25.552963473650344,-9.384297430100954,-11.276610920025963,
5.199999999999934,25.940221826631642,-9.56949626308251,-11.376983561544401,
5.209999999999933,26.34537758785016,-9.744950414653314,-11.442293509250806,
5.219999999999933,26.763467024136375,-9.908113630209405,-11.469794170181041,
5.229999999999933,27.188927969201632,-10.056447655024334,-11.457321282946063,
5.239999999999933,27.615697757252818,-10.187483478848455,-11.403427270864636,
5.2499999999999325,28.037346076617105,-10.298888825540262,-11.307499240075588,
5.259999999999932,28.447239456170298,-10.388539254346817,-11.169850669425015,
5.269999999999932,28.838730960537966,-10.454589567345275,-10.99177752057123,
5.279999999999932,29.20536570158496,-10.495541727280642,-10.775571280164455,
5.289999999999932,29.54109039285488,-10.510305268258067,-10.52448428521333,
5.299999999999931,29.84045377917721,-10.498246294050906,-10.242646355480831,
5.309999999999931,30.09878466495365,-10.459221635103605,-9.934935875191677,
5.319999999999931,30.312335570726415,-10.393595559681327,-9.606812526788666,
5.329999999999931,30.478382684231974,-10.302237542278542,-9.264122344103194,
5.339999999999931,30.595276440735265,-10.186500875849598,-8.91288814675851,
5.34999999999993,30.662441300736063,-10.048183238082487,-8.559099421627284,
5.35999999999993,30.68032753823724,-9.889471542718594,-8.208515225253306,
5.36999999999993,30.650321572440497,-9.71287439653899,-7.866491818190646,
5.37999999999993,30.574624143263502,-9.521146146890064,-7.537843830712378,
5.3899999999999295,30.45610719652096,-9.31720679576216,-7.2267442485707525,
5.399999999999929,30.29816065956746,-9.104061976544163,-6.9366648839646095,
5.409999999999929,30.104539487992252,-8.884726785096055,-6.670355698436296,
5.419999999999929,29.879219717314,-8.662156606341027,-6.429858696404348,
5.429999999999929,29.626270096117207,-8.439187276420984,-6.216550291415186,
5.4399999999999284,29.349743545491496,-8.218486064910977,-6.0312050991820305,
5.449999999999928,29.053590470528757,-8.002514136365189,-5.874073951280423,
5.459999999999928,28.74159404881598,-7.793500420407724,-5.744969391909725,
5.469999999999928,28.417326154308416,-7.59342622615652,-5.643352822431071,
5.479999999999928,28.084121576795717,-7.404019498723071,-5.568418599989115,
5.489999999999927,27.745067638189955,-7.226757332429754,-5.519171609129347,
5.499999999999927,27.403006117108976,-7.062875212693334,-5.4944959806599565,
5.509999999999927,27.06054448336883,-6.913381432990471,-5.493213645394501,
5.519999999999927,26.720073722448017,-6.779075197834814,-5.514132237022413,
5.5299999999999265,26.383790414508695,-6.660567050073784,-5.556082485355749,
5.539999999999926,26.053721156576426,-6.558300426413617,-5.617945678479814,
5.549999999999926,25.731747831088366,-6.472573328286142,-5.6986720437130876,
5.559999999999926,25.419632597038543,-6.403559279962166,-5.797291033276812,
5.569999999999926,25.119041793317912,-6.351326920712742,-5.9129145331341615,
5.5799999999999255,24.831568190290493,-6.31585773539173,-6.044733972543234,
5.589999999999925,24.55875120543387,-6.297061564018062,-6.192012223639498,
5.599999999999925,24.30209481697694,-6.294789644390003,-6.354071066514518,
5.609999999999925,24.063082973382354,-6.308845033065076,-6.530274873128624,
5.619999999999925,23.843192314721822,-6.338990321190607,-6.720011046544369,
5.629999999999924,23.643902003020088,-6.384952615622063,-6.922667650921454,
5.639999999999924,23.46670041067158,-6.446425796075707,-7.137608590782055,
5.649999999999924,23.313088346858464,-6.523070089660303,-7.364146652027862,
5.659999999999924,23.184578419201983,-6.614509029171985,-7.601514707888741,
5.6699999999999235,23.082690039724834,-6.720323885296715,-7.848835425600899,
5.679999999999923,23.00893949964497,-6.840045689685924,-8.105089888787626,
5.689999999999923,22.964824467295422,-6.973145000086299,-8.369085680095981,
5.699999999999923,22.951802220615946,-7.119019604541512,-8.639425151109506,
5.709999999999923,22.971260926060847,-7.276980423098774,-8.914474842036524,
5.7199999999999225,23.02448333830891,-7.446235945868783,-9.192337298528079,
5.729999999999922,23.11260244146427,-7.6258756482025865,-9.470826858001063,
5.739999999999922,23.236548805823826,-7.81485294818744,-9.747451326070587,
5.749999999999922,23.396989817680428,-8.011968417479668,-10.01940180821476,
5.759999999999922,23.59426147222369,-8.215854119513018,-10.283553263655206,
5.769999999999921,23.82829411196772,-8.424960121236591,-10.536478555558073,
5.779999999999921,24.0985343409818,-8.63754439282643,-10.774478819284505,
5.789999999999921,24.403866322009492,-8.851667455927254,-10.993632784216242,
5.799999999999921,24.742536713053383,-9.06519324101499,-11.189867187482834,
5.809999999999921,25.112088530375633,-9.275797639783294,-11.359049540900111,
5.81999999999992,25.509310106300113,-9.480986157564551,-11.497103210674828,
5.82999999999992,25.93020587939981,-9.678121852881839,-11.600143041192545,
5.83999999999992,26.369995828249543,-9.864464371147813,-11.664627660941328,
5.84999999999992,26.823149758881634,-10.03722032412137,-11.687522291540974,
5.8599999999999195,27.283461240622156,-10.193604541740513,-11.666463567951336,
5.869999999999919,27.744163696188465,-10.330910859169917,-11.599915875056457,
5.879999999999919,28.198088052474205,-10.446590158949318,-11.487307366609889,
5.889999999999919,28.63785766138995,-10.538332453879207,-11.329133506158833,
5.899999999999919,29.05611227339175,-10.604148980488366,-11.12701693119516,
5.909999999999918,29.44574918291108,-10.642449694474132,-10.883714818140866,
5.919999999999918,29.80016681592241,-10.652111328253739,-10.603068633741797,
5.929999999999918,30.113494507165893,-10.632531366781237,-10.289895878113068,
5.939999999999918,30.380792382815095,-10.583663952239249,-9.94982861984334,
5.949999999999918,30.598207247498536,-10.506034810738209,-9.589108618433752,
5.959999999999917,30.76307400590329,-10.40073371073831,-9.214352924418137,
5.969999999999917,30.873956982170036,-10.269384566367329,-8.832306455716415,
5.979999999999917,30.930630883575297,-10.114094910315941,-8.449598812056701,
5.989999999999917,30.93400635538969,-9.937387898936032,-8.072521449254605,
5.9999999999999165,30.88600941588859,-9.742121121506615,-7.706838536407306,
6.009999999999916,30.789427048606058,-9.531397161782767,-7.357640847669622,
6.019999999999916,30.647732621754663,-9.308471061926118,-7.029247515440113,
6.029999999999916,30.464904629540317,-9.076659589968234,-6.725156021377488,
6.039999999999916,30.245250760485145,-8.839256588716056,-6.448036952552932,
6.0499999999999154,29.993246893430047,-8.599457797967865,-6.19976715602254,
6.059999999999915,29.71339775465593,-8.36029751803722,-5.981493141463178,
6.069999999999915,29.410123060196483,-8.124598439683956,-5.793715882052043,
6.079999999999915,29.08767034656342,-7.894935001632845,-5.636388386710855,
6.089999999999915,28.75005357351048,-7.673609820991911,-5.509018322940876,
6.099999999999914,28.401015058903106,-7.462642112329822,-5.410769297478078,
6.109999999999914,28.04400737464284,-7.263766578431722,-5.340555911588466,
6.119999999999914,27.68219142146857,-7.078441008607808,-5.297129206117641,
6.129999999999914,27.318446898889388,-6.907860733151896,-5.279150463640386,
6.1399999999999135,26.955391672516765,-6.75297812182643,-5.285252463059156,
6.149999999999913,26.595407000196214,-6.614525444885378,-5.314088155043233,
6.159999999999913,26.240666114987647,-6.4930396041660705,-5.364367349056717,
6.169999999999913,25.893164205106352,-6.388887460927619,-5.434882401059114,
6.179999999999913,25.554748329666143,-6.302290714001518,-5.5245241035577655,
6.1899999999999125,25.22714623596305,-6.233349500053801,-5.632289048336777,
6.199999999999912,24.911993386435377,-6.182064086424941,-5.757279696810368,
6.209999999999912,24.61085775986845,-6.148354199817263,-5.898698288596075,
6.219999999999912,24.325262167499464,-6.132075678386938,-6.055835574517117,
6.229999999999912,24.056703929848744,-6.133034250623722,-6.228055198637863,
6.239999999999911,23.806671805223736,-6.150996333715645,-6.414774392507957,
6.249999999999911,23.576660056718115,-6.185696810098641,-6.615441496557074,
6.259999999999911,23.368179501109285,-6.2368437875504545,-6.829510698328627,
6.269999999999911,23.18276530920412,-6.30412037991374,-7.05641428257917,
6.2799999999999105,23.021981230863304,-6.387183566971435,-7.295532630559611,
6.28999999999991,22.887419806702805,-6.4856602079253625,-7.546162190794721,
6.29999999999991,22.78069801019236,-6.599140298207143,-7.807481677004779,
6.30999999999991,22.703447647553993,-6.727167578908959,-8.078516836021882,
6.31999999999991,22.65729973959259,-6.869227636940333,-8.358104274921539,
6.3299999999999095,22.643862033435607,-7.024733677065835,-8.644855046452552,
6.339999999999909,22.664688760970602,-7.1930102090753785,-8.937118967448866,
6.349999999999909,22.721241796661236,-7.373274978892677,-9.232950984713742,
6.359999999999909,22.81484249676269,-7.564619585003525,-9.530081299254178,
6.369999999999909,22.946613754424508,-7.7659893632868515,-9.825891396253095,
6.379999999999908,23.117412211680808,-7.976163293926496,-10.117398576261824,
6.389999999999908,23.32775115817989,-8.193734879955349,-10.401251999248055,
6.399999999999908,23.577715437637206,-8.417095159873574,-10.67374357635991,
6.409999999999908,23.866870680087377,-8.64441923257151,-10.930837195854176,
6.419999999999908,24.194170358656297,-8.873657870389435,-11.168219655477776,
6.429999999999907,24.55786547500757,-9.102535947122467,-11.381376191801902,
6.439999999999907,24.95542300302864,-9.328559476758928,-11.565692550638811,
6.449999999999907,25.38346040983872,-9.54903300555457,-11.71658405969709,
6.459999999999907,25.837704422423794,-9.761088883683305,-11.82965012312376,
6.4699999999999065,26.312982478858775,-9.961729527530963,-11.900850013775916,
6.479999999999906,26.803254752747396,-10.147883147654348,-11.926692952441597,
6.489999999999906,27.301693066745358,-10.31647256134998,-11.904432510371569,
6.499999999999906,27.800810311728387,-10.464495665227911,-11.832252739299841,
6.509999999999906,28.29264021368265,-10.58911498251374,-11.70943158349535,
6.519999999999905,28.768962691359224,-10.687752530580127,-11.536466530499581,
6.529999999999905,29.22156508681107,-10.758185216015189,-11.315148494125271,
6.539999999999905,29.642524867862512,-10.798635211698496,-11.04857278783471,
6.549999999999905,30.024495725259065,-10.807849447968628,-10.741080653277194,
6.559999999999905,30.360977003565054,-10.785162565728637,-10.398130750660266,
6.569999999999904,30.646546605934724,-10.730538477158746,-10.026106592241183,
6.579999999999904,30.87704006643514,-10.644587022016555,-9.63207221142022,
6.589999999999904,31.049663162274918,-10.528553972090675,-9.223493480990884,
6.599999999999904,31.163031636201044,-10.384284630573768,-8.807945654732164,
6.6099999999999035,31.21713843934997,-10.214163263642135,-8.392828454719647,
6.619999999999903,31.213255412166685,-10.021032353747035,-7.985108320897984,
6.629999999999903,31.153781617551367,-9.808096981911586,-7.591103645480387,
6.639999999999903,31.04205400874848,-9.57882040323223,-7.216323611420565,
6.649999999999903,30.88213749142639,-9.336817034937434,-6.865365477102588,
6.659999999999902,30.678610822442494,-9.085748672840149,-6.541869618117676,
6.669999999999902,30.436362564637918,-8.829228899970753,-6.248527010084988,
6.679999999999902,30.16040804697316,-8.570739501318785,-5.987130523896855,
6.689999999999902,29.85573456348009,-8.313561413222613,-5.758659547098797,
6.699999999999902,29.52717841614318,-8.060721463485296,-5.5633869494756025,
6.709999999999901,29.17933426115545,-7.8149550157588905,-5.400998022057524,
6.719999999999901,28.816494785710603,-7.578683696171126,-5.270712400905952,
6.729999999999901,28.442617099932317,-7.35400668844425,-5.171401796679269,
6.739999999999901,28.061311331374746,-7.142703638388677,-5.101698289088426,
6.7499999999999005,27.675846635911544,-6.946246986847502,-5.060089785693011,
6.7599999999999,27.289170030851974,-6.765821513655627,-5.045000840977376,
6.7699999999999,26.90393395271515,-6.602348979047024,-5.054858310880773,
6.7799999999999,26.522529100862197,-6.4565159484777,-5.088142263655855,
6.7899999999999,26.14711983660763,-6.328803142049614,-5.143423202914428,
6.7999999999998995,25.779680085754848,-6.219514927827572,-5.219387028310196,
6.809999999999899,25.42202829107691,-6.128807854512125,-5.314849318076182,
6.819999999999899,25.07586045497928,-6.056717375956599,-5.428760520202973,
6.829999999999899,24.74278069433199,-6.0031821472885,-5.560203534519116,
6.839999999999899,24.424329003965383,-5.968065464602628,-5.708384997291418,
6.849999999999898,24.12200610403279,-5.951173576011793,-5.872621375450696,
6.859999999999898,23.83729534365303,-5.952270712739144,-6.052320763393708,
6.869999999999898,23.571681663544933,-5.971090778215298,-6.246961069059054,
6.879999999999898,23.326667597102556,-6.007345695201214,-6.456065090069475,
6.8899999999998975,23.103786223961112,-6.060730450773582,-6.679172824077855,
6.899999999999897,22.904610892034217,-6.130924901821532,-6.915811236796863,
6.909999999999897,22.73076140112689,-6.2175924148374175,-7.16546163224724,
6.919999999999897,22.583906200536074,-6.320375418587748,-7.427524738093656,
6.929999999999897,22.46576000154368,-6.438887952108825,-7.701283640512599,
6.9399999999998965,22.378076051503612,-6.572705298857184,-7.985864784469521,
6.949999999999896,22.322632169721523,-6.721350816363725,-8.280197403689625,
6.959999999999896,22.30120952046075,-6.884280105147143,-8.582971967015594,
6.969999999999896,22.315563013817304,-7.060862716761574,-8.892598530021118,
6.979999999999896,22.367382205237874,-7.25036168437283,-9.207166265353274,
6.989999999999895,22.458241639635354,-7.451911275322565,-9.524405909230559,
6.999999999999895,22.589539792773415,-7.664493517701696,-9.841657392588957,
7.009999999999895,22.762426141405424,-7.8869142438096045,-10.155845497959307,
7.019999999999895,22.977716485640485,-8.117779620899656,-10.463466953947842,
7.0299999999998946,23.2357974876398,-8.355474397160402,-10.760592882833201,
7.039999999999894,23.536522500711786,-8.598143365081642,-11.042890863531586,
7.049999999999894,23.879102135912518,-8.843677813334791,-11.305670948182899,
7.059999999999894,24.26199460186774,-9.08970897054037,-11.543959644110933,
7.069999999999894,24.68280255426354,-9.333610598339488,-11.752605007289024,
7.0799999999998935,25.138184833547214,-9.572512917159862,-11.926414469756745,
7.089999999999893,25.62379281157846,-9.803329891629335,-12.060324771983458,
7.099999999999893,26.134241809544974,-10.022801511854935,-12.149600409829969,
7.109999999999893,26.663127861015585,-10.227552042326007,-12.190053478681936,
7.119999999999893,27.20309867103186,-10.414164257409002,-12.178274003761482,
7.129999999999892,27.745984758635043,-10.579268464388806,-12.11185624524287,
7.139999999999892,28.28299244171125,-10.719643703066897,-11.989603648097853,
7.149999999999892,28.80495476003667,-10.83232702892592,-11.811693710001068,
7.159999999999892,29.302630157323254,-10.914725405520455,-11.579784638048965,
7.169999999999892,29.767032547424563,-10.964723650919623,-11.297048615237847,
7.179999999999891,30.189771234048383,-10.980781301612604,-10.968121809324282,
7.189999999999891,30.56337599633555,-10.962011335494992,-10.598968504473477,
7.199999999999891,30.881582241788692,-10.908234516687038,-10.196665067116806,
7.209999999999891,31.139553801236563,-10.820004666835,-9.76911770873302,
7.2199999999998905,31.334026502762143,-10.698602292883624,-9.324734920792634,
7.22999999999989,31.463363380905644,-10.545996471928827,-8.872079938275617,
7.23999999999989,31.52752111527572,-10.364777408285358,-8.419529952311294,
7.24999999999989,31.527935737608324,-10.158064324556962,-7.974966909577156,
7.25999999999989,31.46734258972483,-9.929395060840662,-7.54552004596273,
7.269999999999889,31.349550090545616,-9.682604758113065,-7.137373692944153,
7.279999999999889,31.17918869642657,-9.421701231689433,-6.755646487911125,
7.289999999999889,30.961455634371493,-9.150744150573049,-6.40434102278078,
7.299999999999889,30.70187307459833,-8.873734071931407,-6.0863570673724805,
7.309999999999889,30.40607314612537,-8.594515935131904,-5.803557349757246,
7.319999999999888,30.079618397401106,-8.316700009843272,-5.556872637731437,
7.329999999999888,29.727861673384407,-8.043601710843001,-5.346432398214858,
7.339999999999888,29.35584543427677,-7.778200287994622,-5.171708254093211,
7.349999999999888,28.968237564081818,-7.523115268749753,-5.031659350907511,
7.3599999999998875,28.569298784911393,-7.280598714396818,-4.924871130101446,
7.369999999999887,28.162875822795407,-7.0525408473779505,-4.849681492801932,
7.379999999999887,27.752414283573593,-6.840486380805433,-4.804290644807976,
7.389999999999887,27.34098557483263,-6.645658880003523,-4.786852866386209,
7.399999999999887,26.931322937530584,-6.46899065001522,-4.795549972745034,
7.4099999999998865,26.525862545981365,-6.3111559151439325,-4.828647318382972,
7.419999999999886,26.126786558030112,-6.172605386867896,-4.884533893612744,
7.429999999999886,25.736065854400945,-6.053600665150983,-4.961748431782406,
7.439999999999886,25.355500942837452,-5.954247256226283,-5.058993566000441,
7.449999999999886,24.986760095224035,-5.874525298087037,-5.1751400158936285,
7.459999999999885,24.63141423248847,-5.814317352108246,-5.3092226097027755,
7.469999999999885,24.29096838422786,-5.77343284070259,-5.460429704305114,
7.479999999999885,23.966889745938342,-5.751628886511526,-5.628087292911182,
7.489999999999885,23.660632456804763,-5.748627441217745,-5.811638813988419,
7.4999999999998845,23.37365924460759,-5.7641286863555505,-6.010621413702813,
7.509999999999884,23.10746004822221,-5.797820750179913,-6.224639179904089,
7.519999999999884,22.86356764597957,-5.8493858198131905,-6.453333666300108,
7.529999999999884,22.643570200238113,-5.918502742643805,-6.696351866494797,
7.539999999999884,22.44912048270509,-6.004846211314991,-6.953311683590296,
7.5499999999998835,22.281941377439097,-6.108082618491959,-7.223764876850646,
7.559999999999883,22.14382707453644,-6.227862656746543,-7.50715745824531,
7.569999999999883,22.036639173360715,-6.363810731227071,-7.802787565737999,
7.579999999999883,21.96229671798463,-6.51551125436512,-8.109760965713631,
7.589999999999883,21.922759001048473,-6.682491909108035,-8.426944543907036,
7.599999999999882,21.919999812516846,-6.864204006814907,-8.752918442854702,
7.609999999999882,21.95597170068458,-7.06000013505537,-9.085927903087665,
7.619999999999882,22.032558786271366,-7.26910939614883,-9.423836369857714,
7.629999999999882,22.151516767480334,-7.490610685868757,-9.76408203422985,
7.6399999999998816,22.31439902378515,-7.723404658346654,-10.103640671356732,
7.649999999999881,22.52246822436085,-7.966185270062487,-10.438998385470338,
7.659999999999881,22.776593629547346,-8.217412090505578,-10.766138611465246,
7.669999999999881,23.077135388569907,-8.47528490037061,-11.080548366625317,
7.679999999999881,23.423818610214827,-8.737722451395216,-11.377249168467241,
7.6899999999998805,23.815601802399595,-9.002347604791353,-11.650858077729426,
7.69999999999988,24.250546368270953,-9.266481353882735,-11.895683807461769,
7.70999999999988,24.725696056513595,-9.527148413765575,-12.105861574875986,
7.71999999999988,25.23697734143131,-9.781097058271076,-12.275528208234679,
7.72999999999988,25.779133306067084,-10.02483562921884,-12.399035881457328,
7.739999999999879,26.34570429436019,-10.254687567739484,-12.471198794138255,
7.749999999999879,26.929067936573485,-10.466865876015982,-12.487562393115088,
7.759999999999879,27.520548746849748,-10.657566602578797,-12.444679815924596,
7.769999999999879,28.110603126110657,-10.823079304209308,-12.340375816812688,
7.779999999999879,28.68907935208282,-10.959910590697836,-12.173975355683787,
7.789999999999878,29.245544459001533,-11.064914994580883,-11.946473152469224,
7.799999999999878,29.769661669779335,-11.135425773474475,-11.660622526312794,
7.809999999999878,30.25159444432533,-11.169377120218059,-11.320927061806202,
7.819999999999878,30.68240759547965,-11.165408876150916,-10.933526830086535,
7.8299999999998775,31.05443351131562,-11.122945388724878,-10.505981174318485,
7.839999999999877,31.361573083382783,-11.042241673174871,-10.046961040456234,
7.849999999999877,31.599506567944612,-10.924392420865997,-9.565873792466597,
7.859999999999877,31.76579861946896,-10.771302384049916,-9.07245075338289,
7.869999999999877,31.859892777018736,-10.585619884571722,-8.576331150496472,
7.879999999999876,31.883002008001327,-10.37063822251359,-8.086675220564377,
7.889999999999876,31.83791176817194,-10.13017221227702,-7.611834271837445,
7.899999999999876,31.728719042282098,-9.868418664223567,-7.159097537720995,
7.909999999999876,31.56053424036054,-9.58981022493183,-6.734526163036413,
7.919999999999876,31.33917261058396,-9.298871613419166,-6.342875195711796,
7.929999999999875,31.070858581148308,-9.000086105939435,-5.987596334596075,
7.939999999999875,30.76196114841892,-8.697778379334533,-5.670908275278901,
7.949999999999875,30.41877220573933,-8.396017806709862,-5.393918141390594,
7.959999999999875,30.047333570713192,-8.098544275548015,-5.156776559661803,
7.9699999999998745,29.65331317247884,-7.808716778474402,-4.95884997305576,
7.979999999999874,29.241926837383627,-7.5294835488800596,-4.79889616461886,
7.989999999999874,28.817899492898416,-7.263371441540994,-4.675232049508232,
7.999999999999874,28.385458295592517,-7.012491593550266,-4.585886040699545,
8.009999999999874,27.948349937387942,-6.7785580996300725,-4.528730308386228,
8.019999999999873,27.509874894461344,-6.562916428566179,-4.501590793536539,
8.029999999999873,27.072932359599733,-6.366578515031036,-4.502334798277636,
8.039999999999873,26.640070790742023,-6.190261807184048,-4.528937357344078,
8.049999999999873,26.213540227337877,-6.034429969363312,-4.579528458085883,
8.059999999999873,25.795343647082912,-5.899333379086025,-4.652423616305586,
8.069999999999872,25.38728558885213,-5.785047981176281,-4.746140434817919,
8.079999999999872,24.991017025848844,-5.6915114449769675,-4.859403667602422,
8.089999999999872,24.60807603773187,-5.618555899933177,-4.991141066307944,
8.099999999999872,24.239924220607186,-5.565936795183151,-5.140471961558753,
8.109999999999872,23.887979016280276,-5.533357640727737,-5.306690175817978,
8.119999999999871,23.553642265844687,-5.520490545500771,-5.4892425096984905,
8.129999999999871,23.238325324184913,-5.52699257754887,-5.687703710305794,
8.139999999999871,22.94347103372377,-5.552518040811084,-5.901748530881982,
8.14999999999987,22.670572765229412,-5.596726799135158,-6.131121232654763,
8.15999999999987,22.421190603399232,-5.659288788431105,-6.37560266622702,
8.16999999999987,22.196964593848552,-5.73988484910011,-6.634974903695834,
8.17999999999987,21.999624781569427,-5.838203989542893,-6.908983276828593,
8.18999999999987,21.83099756256371,-5.953937163817418,-7.197295615251799,
8.19999999999987,21.69300764340166,-6.0867676184626225,-7.499458478063334,
8.20999999999987,21.58767466219682,-6.236357841363,-7.814850241507959,
8.21999999999987,21.51710327601888,-6.402333135918765,-8.142631056028021,
8.229999999999869,21.483465275944205,-6.584261853928717,-8.481689932137852,
8.239999999999869,21.488972070527748,-6.781632358430246,-8.830589571498944,
8.249999999999869,21.535835709372414,-6.993826861905111,-9.18751004194029,
8.259999999999868,21.62621653977058,-7.22009240479876,-9.550193013717628,
8.269999999999868,21.762155652842818,-7.459509413047317,-9.915889031099617,
8.279999999999868,21.945490545666715,-7.710958508774567,-10.281311175270124,
8.289999999999868,22.17775297741337,-7.9730865499932,-10.64259944496723,
8.299999999999867,22.460048909616916,-8.244273242090518,-10.99530117088773,
8.309999999999867,22.792921765534086,-8.522600086687898,-11.334373677297554,
8.319999999999867,23.17620206854545,-8.805823890711915,-11.654216049510415,
8.329999999999867,23.608848822864747,-9.091357513160698,-11.948737049740492,
8.339999999999867,24.08879070050833,-9.376260923697593,-12.211465698579818,
8.349999999999866,24.612778005075047,-9.657245911245589,-12.435709545010276,
8.359999999999866,25.17625916889801,-9.930697821178624,-12.614762959093916,
8.369999999999866,25.773297737566228,-10.192717417033352,-12.742163774800474,
8.379999999999866,26.396546821189315,-10.439185263341562,-12.811991346030256,
8.389999999999866,27.037297217382463,-10.665849843506571,-12.819192881516344,
8.399999999999865,27.685612286952477,-10.868438946343574,-12.759918437432269,
8.409999999999865,28.330556881247052,-11.042791740813572,-12.63183912752168,
8.419999999999865,28.960519288548863,-11.185006571326735,-12.434419136770929,
8.429999999999865,29.563614945575058,-11.291597106150753,-12.169111195643811,
8.439999999999864,30.128149795080652,-11.35964739881744,-11.839448228038787,
8.449999999999864,30.64311136963327,-11.386955048480027,-11.451011297109291,
8.459999999999864,31.098648823964762,-11.37215130359078,-11.011265295291246,
8.469999999999864,31.486500850846504,-11.314787860126058,-10.529267722489344,
8.479999999999864,31.800333629687337,-11.215382291698296,-10.01527030182958,
8.489999999999863,32.03595958179372,-11.075417325193502,-9.480245691887031,
8.499999999999863,32.19142054483302,-10.897293147699196,-8.935379971036472,
8.509999999999863,32.26693394691723,-10.684236064680249,-8.391574437696,
8.519999999999863,32.264715155516896,-10.440170555348134,-7.858997229871205,
8.529999999999863,32.18870106223382,-10.169564595518853,-7.346717116257498,
8.539999999999862,32.04420748940627,-9.877259717510018,-6.862440259027956,
8.549999999999862,31.83755550193277,-9.568297546808687,-6.412357956758186,
8.559999999999862,31.57569951514262,-9.247753608569043,-6.0011014373729346,
8.569999999999862,31.26588431935657,-8.920587312945807,-5.631790284223886,
8.579999999999862,30.915350309333405,-8.591514577753314,-5.306154917829651,
8.589999999999861,30.531097844716122,-8.264906912379821,-5.024710856662847,
8.599999999999861,30.11971402863804,-7.944718297137533,-4.786962791631204,
8.60999999999986,29.68725909069584,-7.634439083079151,-4.591619031257839,
8.61999999999986,29.239205353196176,-7.337074539102509,-4.43680070151713,
8.62999999999986,28.78041941992019,-7.0551446202678,-4.320234389639969,
8.63999999999986,28.315177473001853,-6.790700984786724,-4.239421069087826,
8.64999999999986,27.84720398913427,-6.545357162361046,-4.191777724382455,
8.65999999999986,27.37972536547162,-6.320327968273831,-4.174750910175613,
8.66999999999986,26.91553150365277,-6.116474660036511,-4.185903492309125,
8.67999999999986,26.457040048584336,-5.934352852853059,-4.22297710030833,
8.68999999999986,26.006359521522125,-5.774260771796363,-4.2839334981362045,
8.699999999999859,25.5653489124769,-5.636285967890683,-4.366978298549032,
8.709999999999859,25.13567235805497,-5.520349126579483,-4.470570344285447,
8.719999999999859,24.71884832559255,-5.426244030262482,-4.593419774041048,
8.729999999999858,24.316293278083183,-5.353673093498875,-4.734477374412773,
8.739999999999858,23.929360145268923,-5.302278170149106,-4.892917357215472,
8.749999999999858,23.55937211600869,-5.271666541456904,-5.068115239549361,
8.759999999999858,23.207652334466964,-5.261432141041993,-5.259622069440445,
8.769999999999857,22.87555006053344,-5.2711721663891105,-5.467135848099471,
8.779999999999857,22.564463768668094,-5.300499276221092,-5.690470657875509,
8.789999999999857,22.275861527343277,-5.349049588170226,-5.929523714909175,
8.799999999999857,22.01129883533924,-5.416486679660018,-6.184240327099774,
8.809999999999857,21.772433898083598,-5.502501764291262,-6.454576550738484,
8.819999999999856,21.561040109966953,-5.606810172992096,-6.740459203648207,
8.829999999999856,21.379015267734992,-5.729144219967842,-7.041742811857775,
8.839999999999856,21.22838677548724,-5.869242484136673,-7.358163046863327,
8.849999999999856,21.11131181422857,-6.0268354935134685,-7.689286261391662,
8.859999999999856,21.03007114189015,-6.20162776971672,-8.034454867446874,
8.869999999999855,20.987054871911024,-6.393276180135138,-8.39272853960427,
8.879999999999855,20.984738266278374,-6.601364565196442,-8.762821590714779,
8.889999999999855,21.025645299543726,-6.825374667843191,-9.143037379789424,
8.899999999999855,21.11229754499976,-7.064653503170545,-9.531201294764784,
8.909999999999854,21.247145861033353,-7.318377480372001,-9.924594721431566,
8.919999999999854,21.432482491738778,-7.585513838520295,-10.319893465206345,
8.929999999999854,21.670331636602366,-7.864780292017746,-10.713115311385629,
8.939999999999854,21.96231739899706,-8.154604205687896,-11.099582731362663,
8.949999999999854,22.309509404903668,-8.453083129718928,-11.473908054763818,
8.959999999999853,22.712248388165218,-8.757949103916017,-11.830009553173625,
8.969999999999853,23.16995671700501,-9.066539753093839,-12.161167569598685,
8.979999999999853,23.680942152663768,-9.37577978119595,-12.460129759074569,
8.989999999999853,24.242206915763635,-9.682176943850942,-12.719273313836464,
8.999999999999853,24.849278041720364,-9.981836823684477,-12.930829370149075,
9.009999999999852,25.496078478249995,-10.27050061591985,-13.087170361054682,
9.019999999999852,26.174860662618524,-10.54360951535441,-13.181154819938447,
9.029999999999852,26.87622453155647,-10.796398062894722,-13.20651631360459,
9.039999999999852,27.58923919782742,-11.024016899978557,-13.158274487769244,
9.049999999999851,28.301681248436363,-11.221682827295758,-13.033137819116595,
9.059999999999851,29.00039265919267,-11.384851034400176,-12.829861164170133,
9.069999999999851,29.67174830335072,-11.509401168354435,-12.549518321220797,
9.07999999999985,30.302208449700696,-11.591825981347721,-12.195652103940189,
9.08999999999985,30.878917760802413,-11.629409152154931,-11.774272703277784,
9.09999999999985,31.39030178704544,-11.620378007458251,-11.293689119800046,
9.10999999999985,31.826607293476723,-11.564017633953851,-10.764176600391718,
9.11999999999985,32.18033557056139,-11.460735384468304,-10.197502558378034,
9.12999999999985,32.446528357083885,-11.312068845039994,-9.606350993883453,
9.13999999999985,32.62288269347915,-11.120635444394837,-9.003697707958606,
9.14999999999985,32.70969108820766,-10.890027331117723,-8.402193344697277,
9.15999999999985,32.70962325916142,-10.62466012074185,-7.813607795716338,
9.169999999999849,32.62738200742266,-10.3295879213279,-7.248378775623977,
9.179999999999849,32.46927605806056,-10.010299213033637,-6.7152918228060425,
9.189999999999849,32.24275597320851,-9.672508528492935,-6.221301689911362,
9.199999999999848,31.955956002611043,-9.321957610906423,-5.771489059784418,
9.209999999999848,31.617276617232147,-8.96423720866783,-5.369134011263161,
9.219999999999848,31.235031668891164,-8.604637418544296,-5.0158798418283865,
9.229999999999848,30.817172812790375,-8.24803104235967,-4.711957825114762,
9.239999999999847,30.371093748417653,-7.898791219098801,-4.456444504487531,
9.249999999999847,29.903509041374853,-7.560741941969316,-4.247527001782222,
9.259999999999847,29.42039717890064,-7.237138124190705,-4.082757253381603,
9.269999999999847,28.926994948785588,-6.930670661876839,-3.959281937603271,
9.279999999999847,28.427829746242935,-6.643491384764183,-3.874040296106543,
9.289999999999846,27.926777398028687,-6.3772527572637125,-3.8239265822790447,
9.299999999999846,27.427134948089595,-6.133157544748157,-3.805917289328321,
9.309999999999846,26.931700072737698,-5.912014250461403,-3.817165632498887,
9.319999999999846,26.442851019807346,-5.7142948359835435,-3.8550671259766096,
9.329999999999846,25.962622964726204,-5.540191970230575,-3.9173007068742525,
9.339999999999845,25.492778329797872,-5.389673744603486,-4.001849925418353,
9.349999999999845,25.034869887651762,-5.262534406295387,-4.107008428868842,
9.359999999999845,24.590296386006724,-5.158440178850704,-4.231373467254601,
9.369999999999845,24.16035103808311,-5.076969654020997,-4.373830553090322,
9.379999999999844,23.746263581752995,-5.017648556250701,-4.5335317909616935,
9.389999999999844,23.349236780769523,-4.979978910605669,-4.709869803728342,
9.399999999999844,22.97047827576651,-4.963462798974383,-4.902448646269428,
9.409999999999844,22.611228633490022,-4.967620980827673,-5.111052626648064,
9.419999999999844,22.272786321383585,-4.992006695996135,-5.335613550455407,
9.429999999999843,21.956530172646943,-5.036214968851834,-5.576176563922832,
9.439999999999843,21.66393971714737,-5.099887705542133,-5.832864490058507,
9.449999999999843,21.396613542197944,-5.182714826691017,-6.105840324544887,
9.459999999999843,21.15628561525539,-5.28443161424105,-6.395267381066667,
9.469999999999843,20.94483924559079,-5.404812378990957,-6.701266448647227,
9.479999999999842,20.76431807961749,-5.54366048057059,-7.023869249860067,
9.489999999999842,20.616933210217333,-5.700794659778425,-7.362967476602055,
9.499999999999842,20.5050651310415,-5.876031580570902,-7.71825674313451,
9.509999999999842,20.431258883101098,-6.069164432725197,-8.089174954035851,
9.519999999999841,20.398210330272903,-6.279937424978423,-8.474834863515214,
9.529999999999841,20.408741079947543,-6.508016012886571,-8.873951033827256,
9.539999999999841,20.465759166511777,-6.752952768556937,-9.284762019763123,
9.54999999999984,20.572202289321726,-7.014148925805658,-9.704949449001232,
9.55999999999984,20.730960217872617,-7.290811840914621,-10.131556763789382,
9.56999999999984,20.94477304732171,-7.5819089132421125,-10.560911750920674,
9.57999999999984,21.21610243864179,-7.8861189269510925,-10.988558596402452,
9.58999999999984,21.54697396528274,-8.201782315125422,-11.40920699118248,
9.59999999999984,21.938790379650456,-8.526852509934466,-11.816707645570924,
9.60999999999984,22.39211816049055,-8.85885130916624,-12.204065210082195,
9.61999999999984,22.90645320248933,-9.194832016542101,-12.56350070668704,
9.62999999999984,23.479975941527524,-9.531354923236881,-12.886575695774496,
9.639999999999839,24.10931136395944,-9.864480373497468,-13.164389008781411,
9.649999999999839,24.789314754912567,-10.189785040247932,-13.387853425134868,
9.659999999999838,25.51290891531147,-10.502406937241703,-13.548053741885251,
9.669999999999838,26.271001830077747,-10.797123913176877,-13.63667914280412,
9.679999999999838,27.052514104913588,-11.068468739259977,-13.646511978759191,
9.689999999999838,27.844541629358886,-11.310881325354353,-13.57194304382839,
9.699999999999838,28.63266995917202,-11.518895132540512,-13.409471922155033,
9.709999999999837,29.40144271577793,-11.687350735839084,-13.158142340640987,
9.719999999999837,30.134967905951413,-11.811625189416269,-12.819859262561296,
9.729999999999837,30.817625824758924,-11.887862004182498,-12.39953886239699,
9.739999999999837,31.434823596258322,-11.913183905645978,-11.905055552827738,
9.749999999999837,31.973728395744697,-11.885869784242914,-11.346971141344177,
9.759999999999836,32.42390745706969,-11.8054788333226,-10.738057223053396,
9.769999999999836,32.77781001426734,-11.672908853669163,-10.092648669106115,
9.779999999999836,33.03104394901827,-11.490381682659185,-9.425888458597973,
9.789999999999836,33.1824252440272,-11.261355849255718,-8.752937658286717,
9.799999999999836,33.23380666967509,-10.990373766802715,-8.088226465346219,
9.809999999999835,33.18971812834897,-10.682856934798528,-7.444812846087522,
9.819999999999835,33.05687019213377,-10.344866835927553,-6.83389688041629,
9.829999999999835,32.84358190678637,-9.982851002254701,-6.2645156119279015,
9.839999999999835,32.55919353010542,-9.603393076577433,-5.74341965476199,
9.849999999999834,32.21351622238866,-9.21298302150228,-5.275112982534815,
9.859999999999834,31.816356801859442,-8.817819610718105,-4.862023710072974,
9.869999999999834,31.377139857055045,-8.42365274396069,-4.504767052384815,
9.879999999999834,30.90463464929502,-8.035668655688935,-4.202461324711011,
9.889999999999834,30.40678228206629,-7.658417253292965,-3.9530622282278056,
9.899999999999833,29.8906104476421,-7.295777917430364,-3.753687815254438,
9.909999999999833,29.3622186773357,-6.950958210769614,-3.600914660652065,
9.919999999999833,28.82681581808541,-6.6265189992126485,-3.491033525901746,
9.929999999999833,28.288792552721848,-6.324419321598841,-3.4202593507133248,
9.939999999999833,27.751814266230266,-6.046074739894687,-3.384895375928638,
9.949999999999832,27.218922660975313,-5.7924236549118495,-3.381454574145851,
9.959999999999832,26.692637670044814,-5.563997005220383,-3.406743540051159,
9.969999999999832,26.175054049564572,-5.360987743116211,-3.457914869074983,
9.979999999999832,25.667929365869345,-5.1833174078278414,-3.5324941442373965,
9.989999999999831,25.172761880113992,-5.030697936513033,-3.628387236074196,
9.999999999999831,24.690858102924025,-4.902687541156793,-3.743872921750552,
10.009999999999831,24.223390620958085,-4.798740028157483,-3.877585008644955,
